{
 "cells": [
  {
   "cell_type": "markdown",
   "metadata": {},
   "source": [
    "# Big Data(Task 3)\n"
   ]
  },
  {
   "cell_type": "markdown",
   "metadata": {},
   "source": [
    "### Import neccessary libraries and spark session"
   ]
  },
  {
   "cell_type": "code",
   "execution_count": 8,
   "metadata": {},
   "outputs": [],
   "source": [
    "from pyspark.sql import SparkSession\n",
    "from pyspark.ml.stat import Correlation\n",
    "import pyspark.sql.functions as F\n",
    "from pyspark.ml.feature import StringIndexer\n",
    "from pyspark.ml.feature import VectorAssembler\n",
    "from pyspark.ml.classification import DecisionTreeClassifier\n",
    "from pyspark.ml.evaluation import MulticlassClassificationEvaluator\n",
    "import seaborn as sns\n",
    "import matplotlib.pyplot as plt"
   ]
  },
  {
   "cell_type": "markdown",
   "metadata": {},
   "source": [
    "### Create spark session & read dataset"
   ]
  },
  {
   "cell_type": "code",
   "execution_count": 9,
   "metadata": {},
   "outputs": [],
   "source": [
    "#Spark session carries implicits imported within this scope.\n",
    "spark = SparkSession.builder.getOrCreate()\n",
    "data = spark.read.csv(\"nuclear_plants_small_dataset.csv\",inferSchema=True,header=True)"
   ]
  },
  {
   "cell_type": "markdown",
   "metadata": {},
   "source": [
    "### Drop status column before implementing Vector Assembler\n",
    "Status column is strings.\n",
    "\n",
    "Implementing the vector assembler would require all columns to be in interger values."
   ]
  },
  {
   "cell_type": "code",
   "execution_count": 10,
   "metadata": {},
   "outputs": [],
   "source": [
    "df = data.drop(\"Status\")\n",
    "\n",
    "#Convert to vector column\n",
    "vector_col = \"corr_features\"\n",
    "\n",
    "#Vector Assembler is a transformer that combines input column (features) into single vector column, which you can see as output column\n",
    "assembler = VectorAssembler(inputCols=df.columns, outputCol=vector_col)\n",
    "\n",
    "#Here the assembler is transforming columns into single vector column\n",
    "df_vector = assembler.transform(df).select(vector_col)\n"
   ]
  },
  {
   "cell_type": "markdown",
   "metadata": {},
   "source": [
    "### Correlation Matrix"
   ]
  },
  {
   "cell_type": "code",
   "execution_count": 20,
   "metadata": {},
   "outputs": [
    {
     "name": "stdout",
     "output_type": "stream",
     "text": [
      "[[1.0, 0.0952353246570876, 0.22994307456693544, 0.49979507054382716, 0.04780506459924824, 0.6520814861476599, 0.19981099474596317, 0.40638238580405744, -0.15224709166841371, -0.003683630548492058, 0.10658316817929689, 0.01417744771284853], [0.0952353246570876, 1.0, 0.6938180292187102, 0.22843780589066429, -0.22216044124307888, 0.11243836369846427, 0.5830862890517098, 0.136380214632607, -0.11914161321118825, 0.011013119246381039, 0.24324247239434924, 0.058244066059735006], [0.22994307456693544, 0.6938180292187102, 1.0, 0.08336219857360809, -0.2558645786458895, 0.1665486626397747, 0.3626880904886167, 0.062478896645513864, -0.24905706731598232, -0.03832034952275751, 0.21581056607625593, -0.02396164055401994], [0.49979507054382716, 0.22843780589066429, 0.08336219857360809, 1.0, 0.1506347038588352, 0.5677054942842843, -0.07054679186739402, 0.8236373367990288, -0.11411705130225229, 0.043382602567630844, 0.33049905866040247, -0.018193042423583956], [0.04780506459924824, -0.22216044124307888, -0.2558645786458895, 0.1506347038588352, 1.0, 0.11685894528038342, -0.1187127324813085, 0.1311362217492518, 0.10143800946356157, -0.03519638681213761, -0.08457468353208678, -0.125128336187444], [0.6520814861476599, 0.11243836369846427, 0.1665486626397747, 0.5677054942842843, 0.11685894528038342, 1.0, 0.09134085158325293, 0.5714030200072245, -0.09995014169388954, -0.027698205893510516, 0.01101521453525555, 0.0011887848495267825], [0.19981099474596317, 0.5830862890517098, 0.3626880904886167, -0.07054679186739402, -0.1187127324813085, 0.09134085158325293, 1.0, 0.001591076691031005, 0.016497151198365315, 0.029765717579306385, 0.019993114189585187, 0.10564193773153402], [0.40638238580405744, 0.136380214632607, 0.062478896645513864, 0.8236373367990288, 0.1311362217492518, 0.5714030200072245, 0.001591076691031005, 1.0, -0.11269595359358733, 0.010559753593519072, 0.19184169166763662, 0.04700002913421844], [-0.15224709166841371, -0.11914161321118825, -0.24905706731598232, -0.11411705130225229, 0.10143800946356157, -0.09995014169388954, 0.016497151198365315, -0.11269595359358733, 1.0, -0.04585742910279649, -0.0762769001874751, 0.026480188916395062], [-0.003683630548492058, 0.011013119246381039, -0.03832034952275751, 0.043382602567630844, -0.03519638681213761, -0.027698205893510516, 0.029765717579306385, 0.010559753593519072, -0.04585742910279649, 1.0, 0.10370397274684254, -0.023289826216640233], [0.10658316817929689, 0.24324247239434924, 0.21581056607625593, 0.33049905866040247, -0.08457468353208678, 0.01101521453525555, 0.019993114189585187, 0.19184169166763662, -0.0762769001874751, 0.10370397274684254, 1.0, -0.015535574010048474], [0.01417744771284853, 0.058244066059735006, -0.02396164055401994, -0.018193042423583956, -0.125128336187444, 0.0011887848495267825, 0.10564193773153402, 0.04700002913421844, 0.026480188916395062, -0.023289826216640233, -0.015535574010048474, 1.0]]\n"
     ]
    }
   ],
   "source": [
    "matrix = Correlation.corr(df_vector, vector_col).collect()[0][0]\n",
    "# Calculates Pearson correlation coefficient of features as double value. \n",
    "#Here we have the transformed vector columns \n",
    "corrmatrix = matrix.toArray().tolist()\n",
    "# .toArray; array with the shape represented by  sparse matrix \n",
    "#tolist is defined as an extension method to converting collections into list instance,as seen below.\n",
    "print(corrmatrix)"
   ]
  },
  {
   "cell_type": "code",
   "execution_count": 12,
   "metadata": {},
   "outputs": [],
   "source": [
    "#spark.sql(\"show corrmatrix\").show()"
   ]
  },
  {
   "cell_type": "code",
   "execution_count": 13,
   "metadata": {},
   "outputs": [
    {
     "data": {
      "text/plain": [
       "['Power_range_sensor_1',\n",
       " 'Power_range_sensor_2',\n",
       " 'Power_range_sensor_3 ',\n",
       " 'Power_range_sensor_4',\n",
       " 'Pressure _sensor_1',\n",
       " 'Pressure _sensor_2',\n",
       " 'Pressure _sensor_3',\n",
       " 'Pressure _sensor_4',\n",
       " 'Vibration_sensor_1',\n",
       " 'Vibration_sensor_2',\n",
       " 'Vibration_sensor_3',\n",
       " 'Vibration_sensor_4']"
      ]
     },
     "execution_count": 13,
     "metadata": {},
     "output_type": "execute_result"
    }
   ],
   "source": [
    "df.columns #columns"
   ]
  },
  {
   "cell_type": "code",
   "execution_count": 14,
   "metadata": {},
   "outputs": [],
   "source": [
    "columns = [\"Power_range_sensor_1\",\"Power_range_sensor_2\",\"Power_range_sensor_3 \",\"Power_range_sensor_4\",\"Pressure _sensor_1\",\"Pressure _sensor_2\",\"Pressure _sensor_3\",\"Pressure _sensor_4\",\"Vibration_sensor_1\",\"Vibration_sensor_2\",\"Vibration_sensor_3\",\"Vibration_sensor_4\"]"
   ]
  },
  {
   "cell_type": "code",
   "execution_count": 15,
   "metadata": {},
   "outputs": [
    {
     "ename": "Py4JJavaError",
     "evalue": "An error occurred while calling o95.showString.\n: org.apache.spark.SparkException: Job aborted due to stage failure: Task 0 in stage 8.0 failed 1 times, most recent failure: Lost task 0.0 in stage 8.0 (TID 8) (DESKTOP-4RDTV99 executor driver): org.apache.spark.SparkException: Python worker failed to connect back.\r\n\tat org.apache.spark.api.python.PythonWorkerFactory.createSimpleWorker(PythonWorkerFactory.scala:188)\r\n\tat org.apache.spark.api.python.PythonWorkerFactory.create(PythonWorkerFactory.scala:108)\r\n\tat org.apache.spark.SparkEnv.createPythonWorker(SparkEnv.scala:121)\r\n\tat org.apache.spark.api.python.BasePythonRunner.compute(PythonRunner.scala:162)\r\n\tat org.apache.spark.api.python.PythonRDD.compute(PythonRDD.scala:65)\r\n\tat org.apache.spark.rdd.RDD.computeOrReadCheckpoint(RDD.scala:373)\r\n\tat org.apache.spark.rdd.RDD.iterator(RDD.scala:337)\r\n\tat org.apache.spark.rdd.MapPartitionsRDD.compute(MapPartitionsRDD.scala:52)\r\n\tat org.apache.spark.rdd.RDD.computeOrReadCheckpoint(RDD.scala:373)\r\n\tat org.apache.spark.rdd.RDD.iterator(RDD.scala:337)\r\n\tat org.apache.spark.rdd.MapPartitionsRDD.compute(MapPartitionsRDD.scala:52)\r\n\tat org.apache.spark.rdd.RDD.computeOrReadCheckpoint(RDD.scala:373)\r\n\tat org.apache.spark.rdd.RDD.iterator(RDD.scala:337)\r\n\tat org.apache.spark.rdd.MapPartitionsRDD.compute(MapPartitionsRDD.scala:52)\r\n\tat org.apache.spark.rdd.RDD.computeOrReadCheckpoint(RDD.scala:373)\r\n\tat org.apache.spark.rdd.RDD.iterator(RDD.scala:337)\r\n\tat org.apache.spark.rdd.MapPartitionsRDD.compute(MapPartitionsRDD.scala:52)\r\n\tat org.apache.spark.rdd.RDD.computeOrReadCheckpoint(RDD.scala:373)\r\n\tat org.apache.spark.rdd.RDD.iterator(RDD.scala:337)\r\n\tat org.apache.spark.rdd.MapPartitionsRDD.compute(MapPartitionsRDD.scala:52)\r\n\tat org.apache.spark.rdd.RDD.computeOrReadCheckpoint(RDD.scala:373)\r\n\tat org.apache.spark.rdd.RDD.iterator(RDD.scala:337)\r\n\tat org.apache.spark.scheduler.ResultTask.runTask(ResultTask.scala:90)\r\n\tat org.apache.spark.scheduler.Task.run(Task.scala:131)\r\n\tat org.apache.spark.executor.Executor$TaskRunner.$anonfun$run$3(Executor.scala:506)\r\n\tat org.apache.spark.util.Utils$.tryWithSafeFinally(Utils.scala:1462)\r\n\tat org.apache.spark.executor.Executor$TaskRunner.run(Executor.scala:509)\r\n\tat java.util.concurrent.ThreadPoolExecutor.runWorker(Unknown Source)\r\n\tat java.util.concurrent.ThreadPoolExecutor$Worker.run(Unknown Source)\r\n\tat java.lang.Thread.run(Unknown Source)\r\nCaused by: java.net.SocketTimeoutException: Accept timed out\r\n\tat java.net.DualStackPlainSocketImpl.waitForNewConnection(Native Method)\r\n\tat java.net.DualStackPlainSocketImpl.socketAccept(Unknown Source)\r\n\tat java.net.AbstractPlainSocketImpl.accept(Unknown Source)\r\n\tat java.net.PlainSocketImpl.accept(Unknown Source)\r\n\tat java.net.ServerSocket.implAccept(Unknown Source)\r\n\tat java.net.ServerSocket.accept(Unknown Source)\r\n\tat org.apache.spark.api.python.PythonWorkerFactory.createSimpleWorker(PythonWorkerFactory.scala:175)\r\n\t... 29 more\r\n\nDriver stacktrace:\r\n\tat org.apache.spark.scheduler.DAGScheduler.failJobAndIndependentStages(DAGScheduler.scala:2403)\r\n\tat org.apache.spark.scheduler.DAGScheduler.$anonfun$abortStage$2(DAGScheduler.scala:2352)\r\n\tat org.apache.spark.scheduler.DAGScheduler.$anonfun$abortStage$2$adapted(DAGScheduler.scala:2351)\r\n\tat scala.collection.mutable.ResizableArray.foreach(ResizableArray.scala:62)\r\n\tat scala.collection.mutable.ResizableArray.foreach$(ResizableArray.scala:55)\r\n\tat scala.collection.mutable.ArrayBuffer.foreach(ArrayBuffer.scala:49)\r\n\tat org.apache.spark.scheduler.DAGScheduler.abortStage(DAGScheduler.scala:2351)\r\n\tat org.apache.spark.scheduler.DAGScheduler.$anonfun$handleTaskSetFailed$1(DAGScheduler.scala:1109)\r\n\tat org.apache.spark.scheduler.DAGScheduler.$anonfun$handleTaskSetFailed$1$adapted(DAGScheduler.scala:1109)\r\n\tat scala.Option.foreach(Option.scala:407)\r\n\tat org.apache.spark.scheduler.DAGScheduler.handleTaskSetFailed(DAGScheduler.scala:1109)\r\n\tat org.apache.spark.scheduler.DAGSchedulerEventProcessLoop.doOnReceive(DAGScheduler.scala:2591)\r\n\tat org.apache.spark.scheduler.DAGSchedulerEventProcessLoop.onReceive(DAGScheduler.scala:2533)\r\n\tat org.apache.spark.scheduler.DAGSchedulerEventProcessLoop.onReceive(DAGScheduler.scala:2522)\r\n\tat org.apache.spark.util.EventLoop$$anon$1.run(EventLoop.scala:49)\r\n\tat org.apache.spark.scheduler.DAGScheduler.runJob(DAGScheduler.scala:898)\r\n\tat org.apache.spark.SparkContext.runJob(SparkContext.scala:2214)\r\n\tat org.apache.spark.SparkContext.runJob(SparkContext.scala:2235)\r\n\tat org.apache.spark.SparkContext.runJob(SparkContext.scala:2254)\r\n\tat org.apache.spark.sql.execution.SparkPlan.executeTake(SparkPlan.scala:476)\r\n\tat org.apache.spark.sql.execution.SparkPlan.executeTake(SparkPlan.scala:429)\r\n\tat org.apache.spark.sql.execution.CollectLimitExec.executeCollect(limit.scala:48)\r\n\tat org.apache.spark.sql.Dataset.collectFromPlan(Dataset.scala:3715)\r\n\tat org.apache.spark.sql.Dataset.$anonfun$head$1(Dataset.scala:2728)\r\n\tat org.apache.spark.sql.Dataset.$anonfun$withAction$1(Dataset.scala:3706)\r\n\tat org.apache.spark.sql.execution.SQLExecution$.$anonfun$withNewExecutionId$5(SQLExecution.scala:103)\r\n\tat org.apache.spark.sql.execution.SQLExecution$.withSQLConfPropagated(SQLExecution.scala:163)\r\n\tat org.apache.spark.sql.execution.SQLExecution$.$anonfun$withNewExecutionId$1(SQLExecution.scala:90)\r\n\tat org.apache.spark.sql.SparkSession.withActive(SparkSession.scala:775)\r\n\tat org.apache.spark.sql.execution.SQLExecution$.withNewExecutionId(SQLExecution.scala:64)\r\n\tat org.apache.spark.sql.Dataset.withAction(Dataset.scala:3704)\r\n\tat org.apache.spark.sql.Dataset.head(Dataset.scala:2728)\r\n\tat org.apache.spark.sql.Dataset.take(Dataset.scala:2935)\r\n\tat org.apache.spark.sql.Dataset.getRows(Dataset.scala:287)\r\n\tat org.apache.spark.sql.Dataset.showString(Dataset.scala:326)\r\n\tat sun.reflect.NativeMethodAccessorImpl.invoke0(Native Method)\r\n\tat sun.reflect.NativeMethodAccessorImpl.invoke(Unknown Source)\r\n\tat sun.reflect.DelegatingMethodAccessorImpl.invoke(Unknown Source)\r\n\tat java.lang.reflect.Method.invoke(Unknown Source)\r\n\tat py4j.reflection.MethodInvoker.invoke(MethodInvoker.java:244)\r\n\tat py4j.reflection.ReflectionEngine.invoke(ReflectionEngine.java:357)\r\n\tat py4j.Gateway.invoke(Gateway.java:282)\r\n\tat py4j.commands.AbstractCommand.invokeMethod(AbstractCommand.java:132)\r\n\tat py4j.commands.CallCommand.execute(CallCommand.java:79)\r\n\tat py4j.ClientServerConnection.waitForCommands(ClientServerConnection.java:182)\r\n\tat py4j.ClientServerConnection.run(ClientServerConnection.java:106)\r\n\tat java.lang.Thread.run(Unknown Source)\r\nCaused by: org.apache.spark.SparkException: Python worker failed to connect back.\r\n\tat org.apache.spark.api.python.PythonWorkerFactory.createSimpleWorker(PythonWorkerFactory.scala:188)\r\n\tat org.apache.spark.api.python.PythonWorkerFactory.create(PythonWorkerFactory.scala:108)\r\n\tat org.apache.spark.SparkEnv.createPythonWorker(SparkEnv.scala:121)\r\n\tat org.apache.spark.api.python.BasePythonRunner.compute(PythonRunner.scala:162)\r\n\tat org.apache.spark.api.python.PythonRDD.compute(PythonRDD.scala:65)\r\n\tat org.apache.spark.rdd.RDD.computeOrReadCheckpoint(RDD.scala:373)\r\n\tat org.apache.spark.rdd.RDD.iterator(RDD.scala:337)\r\n\tat org.apache.spark.rdd.MapPartitionsRDD.compute(MapPartitionsRDD.scala:52)\r\n\tat org.apache.spark.rdd.RDD.computeOrReadCheckpoint(RDD.scala:373)\r\n\tat org.apache.spark.rdd.RDD.iterator(RDD.scala:337)\r\n\tat org.apache.spark.rdd.MapPartitionsRDD.compute(MapPartitionsRDD.scala:52)\r\n\tat org.apache.spark.rdd.RDD.computeOrReadCheckpoint(RDD.scala:373)\r\n\tat org.apache.spark.rdd.RDD.iterator(RDD.scala:337)\r\n\tat org.apache.spark.rdd.MapPartitionsRDD.compute(MapPartitionsRDD.scala:52)\r\n\tat org.apache.spark.rdd.RDD.computeOrReadCheckpoint(RDD.scala:373)\r\n\tat org.apache.spark.rdd.RDD.iterator(RDD.scala:337)\r\n\tat org.apache.spark.rdd.MapPartitionsRDD.compute(MapPartitionsRDD.scala:52)\r\n\tat org.apache.spark.rdd.RDD.computeOrReadCheckpoint(RDD.scala:373)\r\n\tat org.apache.spark.rdd.RDD.iterator(RDD.scala:337)\r\n\tat org.apache.spark.rdd.MapPartitionsRDD.compute(MapPartitionsRDD.scala:52)\r\n\tat org.apache.spark.rdd.RDD.computeOrReadCheckpoint(RDD.scala:373)\r\n\tat org.apache.spark.rdd.RDD.iterator(RDD.scala:337)\r\n\tat org.apache.spark.scheduler.ResultTask.runTask(ResultTask.scala:90)\r\n\tat org.apache.spark.scheduler.Task.run(Task.scala:131)\r\n\tat org.apache.spark.executor.Executor$TaskRunner.$anonfun$run$3(Executor.scala:506)\r\n\tat org.apache.spark.util.Utils$.tryWithSafeFinally(Utils.scala:1462)\r\n\tat org.apache.spark.executor.Executor$TaskRunner.run(Executor.scala:509)\r\n\tat java.util.concurrent.ThreadPoolExecutor.runWorker(Unknown Source)\r\n\tat java.util.concurrent.ThreadPoolExecutor$Worker.run(Unknown Source)\r\n\t... 1 more\r\nCaused by: java.net.SocketTimeoutException: Accept timed out\r\n\tat java.net.DualStackPlainSocketImpl.waitForNewConnection(Native Method)\r\n\tat java.net.DualStackPlainSocketImpl.socketAccept(Unknown Source)\r\n\tat java.net.AbstractPlainSocketImpl.accept(Unknown Source)\r\n\tat java.net.PlainSocketImpl.accept(Unknown Source)\r\n\tat java.net.ServerSocket.implAccept(Unknown Source)\r\n\tat java.net.ServerSocket.accept(Unknown Source)\r\n\tat org.apache.spark.api.python.PythonWorkerFactory.createSimpleWorker(PythonWorkerFactory.scala:175)\r\n\t... 29 more\r\n",
     "output_type": "error",
     "traceback": [
      "\u001b[1;31m---------------------------------------------------------------------------\u001b[0m",
      "\u001b[1;31mPy4JJavaError\u001b[0m                             Traceback (most recent call last)",
      "\u001b[1;32m<ipython-input-15-3e346c0b8a4a>\u001b[0m in \u001b[0;36m<module>\u001b[1;34m\u001b[0m\n\u001b[0;32m      1\u001b[0m \u001b[1;31m#create spark dataframe for correaltion matrix and columns\u001b[0m\u001b[1;33m\u001b[0m\u001b[1;33m\u001b[0m\u001b[1;33m\u001b[0m\u001b[0m\n\u001b[0;32m      2\u001b[0m \u001b[0mdf_corr\u001b[0m \u001b[1;33m=\u001b[0m \u001b[0mspark\u001b[0m\u001b[1;33m.\u001b[0m\u001b[0mcreateDataFrame\u001b[0m\u001b[1;33m(\u001b[0m\u001b[0mcorrmatrix\u001b[0m\u001b[1;33m,\u001b[0m\u001b[0mcolumns\u001b[0m\u001b[1;33m)\u001b[0m\u001b[1;33m\u001b[0m\u001b[1;33m\u001b[0m\u001b[0m\n\u001b[1;32m----> 3\u001b[1;33m \u001b[0mdf_corr\u001b[0m\u001b[1;33m.\u001b[0m\u001b[0mshow\u001b[0m\u001b[1;33m(\u001b[0m\u001b[1;33m)\u001b[0m\u001b[1;33m\u001b[0m\u001b[1;33m\u001b[0m\u001b[0m\n\u001b[0m",
      "\u001b[1;32m~\\anaconda3\\lib\\site-packages\\pyspark\\sql\\dataframe.py\u001b[0m in \u001b[0;36mshow\u001b[1;34m(self, n, truncate, vertical)\u001b[0m\n\u001b[0;32m    492\u001b[0m \u001b[1;33m\u001b[0m\u001b[0m\n\u001b[0;32m    493\u001b[0m         \u001b[1;32mif\u001b[0m \u001b[0misinstance\u001b[0m\u001b[1;33m(\u001b[0m\u001b[0mtruncate\u001b[0m\u001b[1;33m,\u001b[0m \u001b[0mbool\u001b[0m\u001b[1;33m)\u001b[0m \u001b[1;32mand\u001b[0m \u001b[0mtruncate\u001b[0m\u001b[1;33m:\u001b[0m\u001b[1;33m\u001b[0m\u001b[1;33m\u001b[0m\u001b[0m\n\u001b[1;32m--> 494\u001b[1;33m             \u001b[0mprint\u001b[0m\u001b[1;33m(\u001b[0m\u001b[0mself\u001b[0m\u001b[1;33m.\u001b[0m\u001b[0m_jdf\u001b[0m\u001b[1;33m.\u001b[0m\u001b[0mshowString\u001b[0m\u001b[1;33m(\u001b[0m\u001b[0mn\u001b[0m\u001b[1;33m,\u001b[0m \u001b[1;36m20\u001b[0m\u001b[1;33m,\u001b[0m \u001b[0mvertical\u001b[0m\u001b[1;33m)\u001b[0m\u001b[1;33m)\u001b[0m\u001b[1;33m\u001b[0m\u001b[1;33m\u001b[0m\u001b[0m\n\u001b[0m\u001b[0;32m    495\u001b[0m         \u001b[1;32melse\u001b[0m\u001b[1;33m:\u001b[0m\u001b[1;33m\u001b[0m\u001b[1;33m\u001b[0m\u001b[0m\n\u001b[0;32m    496\u001b[0m             \u001b[1;32mtry\u001b[0m\u001b[1;33m:\u001b[0m\u001b[1;33m\u001b[0m\u001b[1;33m\u001b[0m\u001b[0m\n",
      "\u001b[1;32m~\\anaconda3\\lib\\site-packages\\py4j\\java_gateway.py\u001b[0m in \u001b[0;36m__call__\u001b[1;34m(self, *args)\u001b[0m\n\u001b[0;32m   1307\u001b[0m \u001b[1;33m\u001b[0m\u001b[0m\n\u001b[0;32m   1308\u001b[0m         \u001b[0manswer\u001b[0m \u001b[1;33m=\u001b[0m \u001b[0mself\u001b[0m\u001b[1;33m.\u001b[0m\u001b[0mgateway_client\u001b[0m\u001b[1;33m.\u001b[0m\u001b[0msend_command\u001b[0m\u001b[1;33m(\u001b[0m\u001b[0mcommand\u001b[0m\u001b[1;33m)\u001b[0m\u001b[1;33m\u001b[0m\u001b[1;33m\u001b[0m\u001b[0m\n\u001b[1;32m-> 1309\u001b[1;33m         return_value = get_return_value(\n\u001b[0m\u001b[0;32m   1310\u001b[0m             answer, self.gateway_client, self.target_id, self.name)\n\u001b[0;32m   1311\u001b[0m \u001b[1;33m\u001b[0m\u001b[0m\n",
      "\u001b[1;32m~\\anaconda3\\lib\\site-packages\\pyspark\\sql\\utils.py\u001b[0m in \u001b[0;36mdeco\u001b[1;34m(*a, **kw)\u001b[0m\n\u001b[0;32m    109\u001b[0m     \u001b[1;32mdef\u001b[0m \u001b[0mdeco\u001b[0m\u001b[1;33m(\u001b[0m\u001b[1;33m*\u001b[0m\u001b[0ma\u001b[0m\u001b[1;33m,\u001b[0m \u001b[1;33m**\u001b[0m\u001b[0mkw\u001b[0m\u001b[1;33m)\u001b[0m\u001b[1;33m:\u001b[0m\u001b[1;33m\u001b[0m\u001b[1;33m\u001b[0m\u001b[0m\n\u001b[0;32m    110\u001b[0m         \u001b[1;32mtry\u001b[0m\u001b[1;33m:\u001b[0m\u001b[1;33m\u001b[0m\u001b[1;33m\u001b[0m\u001b[0m\n\u001b[1;32m--> 111\u001b[1;33m             \u001b[1;32mreturn\u001b[0m \u001b[0mf\u001b[0m\u001b[1;33m(\u001b[0m\u001b[1;33m*\u001b[0m\u001b[0ma\u001b[0m\u001b[1;33m,\u001b[0m \u001b[1;33m**\u001b[0m\u001b[0mkw\u001b[0m\u001b[1;33m)\u001b[0m\u001b[1;33m\u001b[0m\u001b[1;33m\u001b[0m\u001b[0m\n\u001b[0m\u001b[0;32m    112\u001b[0m         \u001b[1;32mexcept\u001b[0m \u001b[0mpy4j\u001b[0m\u001b[1;33m.\u001b[0m\u001b[0mprotocol\u001b[0m\u001b[1;33m.\u001b[0m\u001b[0mPy4JJavaError\u001b[0m \u001b[1;32mas\u001b[0m \u001b[0me\u001b[0m\u001b[1;33m:\u001b[0m\u001b[1;33m\u001b[0m\u001b[1;33m\u001b[0m\u001b[0m\n\u001b[0;32m    113\u001b[0m             \u001b[0mconverted\u001b[0m \u001b[1;33m=\u001b[0m \u001b[0mconvert_exception\u001b[0m\u001b[1;33m(\u001b[0m\u001b[0me\u001b[0m\u001b[1;33m.\u001b[0m\u001b[0mjava_exception\u001b[0m\u001b[1;33m)\u001b[0m\u001b[1;33m\u001b[0m\u001b[1;33m\u001b[0m\u001b[0m\n",
      "\u001b[1;32m~\\anaconda3\\lib\\site-packages\\py4j\\protocol.py\u001b[0m in \u001b[0;36mget_return_value\u001b[1;34m(answer, gateway_client, target_id, name)\u001b[0m\n\u001b[0;32m    324\u001b[0m             \u001b[0mvalue\u001b[0m \u001b[1;33m=\u001b[0m \u001b[0mOUTPUT_CONVERTER\u001b[0m\u001b[1;33m[\u001b[0m\u001b[0mtype\u001b[0m\u001b[1;33m]\u001b[0m\u001b[1;33m(\u001b[0m\u001b[0manswer\u001b[0m\u001b[1;33m[\u001b[0m\u001b[1;36m2\u001b[0m\u001b[1;33m:\u001b[0m\u001b[1;33m]\u001b[0m\u001b[1;33m,\u001b[0m \u001b[0mgateway_client\u001b[0m\u001b[1;33m)\u001b[0m\u001b[1;33m\u001b[0m\u001b[1;33m\u001b[0m\u001b[0m\n\u001b[0;32m    325\u001b[0m             \u001b[1;32mif\u001b[0m \u001b[0manswer\u001b[0m\u001b[1;33m[\u001b[0m\u001b[1;36m1\u001b[0m\u001b[1;33m]\u001b[0m \u001b[1;33m==\u001b[0m \u001b[0mREFERENCE_TYPE\u001b[0m\u001b[1;33m:\u001b[0m\u001b[1;33m\u001b[0m\u001b[1;33m\u001b[0m\u001b[0m\n\u001b[1;32m--> 326\u001b[1;33m                 raise Py4JJavaError(\n\u001b[0m\u001b[0;32m    327\u001b[0m                     \u001b[1;34m\"An error occurred while calling {0}{1}{2}.\\n\"\u001b[0m\u001b[1;33m.\u001b[0m\u001b[1;33m\u001b[0m\u001b[1;33m\u001b[0m\u001b[0m\n\u001b[0;32m    328\u001b[0m                     format(target_id, \".\", name), value)\n",
      "\u001b[1;31mPy4JJavaError\u001b[0m: An error occurred while calling o95.showString.\n: org.apache.spark.SparkException: Job aborted due to stage failure: Task 0 in stage 8.0 failed 1 times, most recent failure: Lost task 0.0 in stage 8.0 (TID 8) (DESKTOP-4RDTV99 executor driver): org.apache.spark.SparkException: Python worker failed to connect back.\r\n\tat org.apache.spark.api.python.PythonWorkerFactory.createSimpleWorker(PythonWorkerFactory.scala:188)\r\n\tat org.apache.spark.api.python.PythonWorkerFactory.create(PythonWorkerFactory.scala:108)\r\n\tat org.apache.spark.SparkEnv.createPythonWorker(SparkEnv.scala:121)\r\n\tat org.apache.spark.api.python.BasePythonRunner.compute(PythonRunner.scala:162)\r\n\tat org.apache.spark.api.python.PythonRDD.compute(PythonRDD.scala:65)\r\n\tat org.apache.spark.rdd.RDD.computeOrReadCheckpoint(RDD.scala:373)\r\n\tat org.apache.spark.rdd.RDD.iterator(RDD.scala:337)\r\n\tat org.apache.spark.rdd.MapPartitionsRDD.compute(MapPartitionsRDD.scala:52)\r\n\tat org.apache.spark.rdd.RDD.computeOrReadCheckpoint(RDD.scala:373)\r\n\tat org.apache.spark.rdd.RDD.iterator(RDD.scala:337)\r\n\tat org.apache.spark.rdd.MapPartitionsRDD.compute(MapPartitionsRDD.scala:52)\r\n\tat org.apache.spark.rdd.RDD.computeOrReadCheckpoint(RDD.scala:373)\r\n\tat org.apache.spark.rdd.RDD.iterator(RDD.scala:337)\r\n\tat org.apache.spark.rdd.MapPartitionsRDD.compute(MapPartitionsRDD.scala:52)\r\n\tat org.apache.spark.rdd.RDD.computeOrReadCheckpoint(RDD.scala:373)\r\n\tat org.apache.spark.rdd.RDD.iterator(RDD.scala:337)\r\n\tat org.apache.spark.rdd.MapPartitionsRDD.compute(MapPartitionsRDD.scala:52)\r\n\tat org.apache.spark.rdd.RDD.computeOrReadCheckpoint(RDD.scala:373)\r\n\tat org.apache.spark.rdd.RDD.iterator(RDD.scala:337)\r\n\tat org.apache.spark.rdd.MapPartitionsRDD.compute(MapPartitionsRDD.scala:52)\r\n\tat org.apache.spark.rdd.RDD.computeOrReadCheckpoint(RDD.scala:373)\r\n\tat org.apache.spark.rdd.RDD.iterator(RDD.scala:337)\r\n\tat org.apache.spark.scheduler.ResultTask.runTask(ResultTask.scala:90)\r\n\tat org.apache.spark.scheduler.Task.run(Task.scala:131)\r\n\tat org.apache.spark.executor.Executor$TaskRunner.$anonfun$run$3(Executor.scala:506)\r\n\tat org.apache.spark.util.Utils$.tryWithSafeFinally(Utils.scala:1462)\r\n\tat org.apache.spark.executor.Executor$TaskRunner.run(Executor.scala:509)\r\n\tat java.util.concurrent.ThreadPoolExecutor.runWorker(Unknown Source)\r\n\tat java.util.concurrent.ThreadPoolExecutor$Worker.run(Unknown Source)\r\n\tat java.lang.Thread.run(Unknown Source)\r\nCaused by: java.net.SocketTimeoutException: Accept timed out\r\n\tat java.net.DualStackPlainSocketImpl.waitForNewConnection(Native Method)\r\n\tat java.net.DualStackPlainSocketImpl.socketAccept(Unknown Source)\r\n\tat java.net.AbstractPlainSocketImpl.accept(Unknown Source)\r\n\tat java.net.PlainSocketImpl.accept(Unknown Source)\r\n\tat java.net.ServerSocket.implAccept(Unknown Source)\r\n\tat java.net.ServerSocket.accept(Unknown Source)\r\n\tat org.apache.spark.api.python.PythonWorkerFactory.createSimpleWorker(PythonWorkerFactory.scala:175)\r\n\t... 29 more\r\n\nDriver stacktrace:\r\n\tat org.apache.spark.scheduler.DAGScheduler.failJobAndIndependentStages(DAGScheduler.scala:2403)\r\n\tat org.apache.spark.scheduler.DAGScheduler.$anonfun$abortStage$2(DAGScheduler.scala:2352)\r\n\tat org.apache.spark.scheduler.DAGScheduler.$anonfun$abortStage$2$adapted(DAGScheduler.scala:2351)\r\n\tat scala.collection.mutable.ResizableArray.foreach(ResizableArray.scala:62)\r\n\tat scala.collection.mutable.ResizableArray.foreach$(ResizableArray.scala:55)\r\n\tat scala.collection.mutable.ArrayBuffer.foreach(ArrayBuffer.scala:49)\r\n\tat org.apache.spark.scheduler.DAGScheduler.abortStage(DAGScheduler.scala:2351)\r\n\tat org.apache.spark.scheduler.DAGScheduler.$anonfun$handleTaskSetFailed$1(DAGScheduler.scala:1109)\r\n\tat org.apache.spark.scheduler.DAGScheduler.$anonfun$handleTaskSetFailed$1$adapted(DAGScheduler.scala:1109)\r\n\tat scala.Option.foreach(Option.scala:407)\r\n\tat org.apache.spark.scheduler.DAGScheduler.handleTaskSetFailed(DAGScheduler.scala:1109)\r\n\tat org.apache.spark.scheduler.DAGSchedulerEventProcessLoop.doOnReceive(DAGScheduler.scala:2591)\r\n\tat org.apache.spark.scheduler.DAGSchedulerEventProcessLoop.onReceive(DAGScheduler.scala:2533)\r\n\tat org.apache.spark.scheduler.DAGSchedulerEventProcessLoop.onReceive(DAGScheduler.scala:2522)\r\n\tat org.apache.spark.util.EventLoop$$anon$1.run(EventLoop.scala:49)\r\n\tat org.apache.spark.scheduler.DAGScheduler.runJob(DAGScheduler.scala:898)\r\n\tat org.apache.spark.SparkContext.runJob(SparkContext.scala:2214)\r\n\tat org.apache.spark.SparkContext.runJob(SparkContext.scala:2235)\r\n\tat org.apache.spark.SparkContext.runJob(SparkContext.scala:2254)\r\n\tat org.apache.spark.sql.execution.SparkPlan.executeTake(SparkPlan.scala:476)\r\n\tat org.apache.spark.sql.execution.SparkPlan.executeTake(SparkPlan.scala:429)\r\n\tat org.apache.spark.sql.execution.CollectLimitExec.executeCollect(limit.scala:48)\r\n\tat org.apache.spark.sql.Dataset.collectFromPlan(Dataset.scala:3715)\r\n\tat org.apache.spark.sql.Dataset.$anonfun$head$1(Dataset.scala:2728)\r\n\tat org.apache.spark.sql.Dataset.$anonfun$withAction$1(Dataset.scala:3706)\r\n\tat org.apache.spark.sql.execution.SQLExecution$.$anonfun$withNewExecutionId$5(SQLExecution.scala:103)\r\n\tat org.apache.spark.sql.execution.SQLExecution$.withSQLConfPropagated(SQLExecution.scala:163)\r\n\tat org.apache.spark.sql.execution.SQLExecution$.$anonfun$withNewExecutionId$1(SQLExecution.scala:90)\r\n\tat org.apache.spark.sql.SparkSession.withActive(SparkSession.scala:775)\r\n\tat org.apache.spark.sql.execution.SQLExecution$.withNewExecutionId(SQLExecution.scala:64)\r\n\tat org.apache.spark.sql.Dataset.withAction(Dataset.scala:3704)\r\n\tat org.apache.spark.sql.Dataset.head(Dataset.scala:2728)\r\n\tat org.apache.spark.sql.Dataset.take(Dataset.scala:2935)\r\n\tat org.apache.spark.sql.Dataset.getRows(Dataset.scala:287)\r\n\tat org.apache.spark.sql.Dataset.showString(Dataset.scala:326)\r\n\tat sun.reflect.NativeMethodAccessorImpl.invoke0(Native Method)\r\n\tat sun.reflect.NativeMethodAccessorImpl.invoke(Unknown Source)\r\n\tat sun.reflect.DelegatingMethodAccessorImpl.invoke(Unknown Source)\r\n\tat java.lang.reflect.Method.invoke(Unknown Source)\r\n\tat py4j.reflection.MethodInvoker.invoke(MethodInvoker.java:244)\r\n\tat py4j.reflection.ReflectionEngine.invoke(ReflectionEngine.java:357)\r\n\tat py4j.Gateway.invoke(Gateway.java:282)\r\n\tat py4j.commands.AbstractCommand.invokeMethod(AbstractCommand.java:132)\r\n\tat py4j.commands.CallCommand.execute(CallCommand.java:79)\r\n\tat py4j.ClientServerConnection.waitForCommands(ClientServerConnection.java:182)\r\n\tat py4j.ClientServerConnection.run(ClientServerConnection.java:106)\r\n\tat java.lang.Thread.run(Unknown Source)\r\nCaused by: org.apache.spark.SparkException: Python worker failed to connect back.\r\n\tat org.apache.spark.api.python.PythonWorkerFactory.createSimpleWorker(PythonWorkerFactory.scala:188)\r\n\tat org.apache.spark.api.python.PythonWorkerFactory.create(PythonWorkerFactory.scala:108)\r\n\tat org.apache.spark.SparkEnv.createPythonWorker(SparkEnv.scala:121)\r\n\tat org.apache.spark.api.python.BasePythonRunner.compute(PythonRunner.scala:162)\r\n\tat org.apache.spark.api.python.PythonRDD.compute(PythonRDD.scala:65)\r\n\tat org.apache.spark.rdd.RDD.computeOrReadCheckpoint(RDD.scala:373)\r\n\tat org.apache.spark.rdd.RDD.iterator(RDD.scala:337)\r\n\tat org.apache.spark.rdd.MapPartitionsRDD.compute(MapPartitionsRDD.scala:52)\r\n\tat org.apache.spark.rdd.RDD.computeOrReadCheckpoint(RDD.scala:373)\r\n\tat org.apache.spark.rdd.RDD.iterator(RDD.scala:337)\r\n\tat org.apache.spark.rdd.MapPartitionsRDD.compute(MapPartitionsRDD.scala:52)\r\n\tat org.apache.spark.rdd.RDD.computeOrReadCheckpoint(RDD.scala:373)\r\n\tat org.apache.spark.rdd.RDD.iterator(RDD.scala:337)\r\n\tat org.apache.spark.rdd.MapPartitionsRDD.compute(MapPartitionsRDD.scala:52)\r\n\tat org.apache.spark.rdd.RDD.computeOrReadCheckpoint(RDD.scala:373)\r\n\tat org.apache.spark.rdd.RDD.iterator(RDD.scala:337)\r\n\tat org.apache.spark.rdd.MapPartitionsRDD.compute(MapPartitionsRDD.scala:52)\r\n\tat org.apache.spark.rdd.RDD.computeOrReadCheckpoint(RDD.scala:373)\r\n\tat org.apache.spark.rdd.RDD.iterator(RDD.scala:337)\r\n\tat org.apache.spark.rdd.MapPartitionsRDD.compute(MapPartitionsRDD.scala:52)\r\n\tat org.apache.spark.rdd.RDD.computeOrReadCheckpoint(RDD.scala:373)\r\n\tat org.apache.spark.rdd.RDD.iterator(RDD.scala:337)\r\n\tat org.apache.spark.scheduler.ResultTask.runTask(ResultTask.scala:90)\r\n\tat org.apache.spark.scheduler.Task.run(Task.scala:131)\r\n\tat org.apache.spark.executor.Executor$TaskRunner.$anonfun$run$3(Executor.scala:506)\r\n\tat org.apache.spark.util.Utils$.tryWithSafeFinally(Utils.scala:1462)\r\n\tat org.apache.spark.executor.Executor$TaskRunner.run(Executor.scala:509)\r\n\tat java.util.concurrent.ThreadPoolExecutor.runWorker(Unknown Source)\r\n\tat java.util.concurrent.ThreadPoolExecutor$Worker.run(Unknown Source)\r\n\t... 1 more\r\nCaused by: java.net.SocketTimeoutException: Accept timed out\r\n\tat java.net.DualStackPlainSocketImpl.waitForNewConnection(Native Method)\r\n\tat java.net.DualStackPlainSocketImpl.socketAccept(Unknown Source)\r\n\tat java.net.AbstractPlainSocketImpl.accept(Unknown Source)\r\n\tat java.net.PlainSocketImpl.accept(Unknown Source)\r\n\tat java.net.ServerSocket.implAccept(Unknown Source)\r\n\tat java.net.ServerSocket.accept(Unknown Source)\r\n\tat org.apache.spark.api.python.PythonWorkerFactory.createSimpleWorker(PythonWorkerFactory.scala:175)\r\n\t... 29 more\r\n"
     ]
    }
   ],
   "source": [
    "#create spark dataframe for correaltion matrix and columns\n",
    "df_corr = spark.createDataFrame(corrmatrix,columns)\n",
    "df_corr.show()"
   ]
  },
  {
   "cell_type": "code",
   "execution_count": 16,
   "metadata": {},
   "outputs": [
    {
     "data": {
      "text/plain": [
       "['Power_range_sensor_1',\n",
       " 'Power_range_sensor_2',\n",
       " 'Power_range_sensor_3 ',\n",
       " 'Power_range_sensor_4',\n",
       " 'Pressure _sensor_1',\n",
       " 'Pressure _sensor_2',\n",
       " 'Pressure _sensor_3',\n",
       " 'Pressure _sensor_4',\n",
       " 'Vibration_sensor_1',\n",
       " 'Vibration_sensor_2',\n",
       " 'Vibration_sensor_3',\n",
       " 'Vibration_sensor_4']"
      ]
     },
     "execution_count": 16,
     "metadata": {},
     "output_type": "execute_result"
    }
   ],
   "source": [
    "df.columns"
   ]
  },
  {
   "cell_type": "code",
   "execution_count": 17,
   "metadata": {},
   "outputs": [
    {
     "ename": "Py4JJavaError",
